# L3-Cosmic muon flux (450 m, cos(theta) = 1)
# Ref: 10.1016/j.physletb.2004.08.003 (https://arxiv.org/abs/hep-ex/0408114)
#
20.0 27.0 23.18 0.217 0.4 -0.24 4.4 1.274 0.7 -0.24 1.5
27.0 34.5 30.47 0.231 0.3 -0.22 3.7 1.284 0.6 -0.22 1.5
34.5 42.0 38.02 0.244 0.4 -0.24 3.3 1.295 0.8 -0.24 1.5
42.0 50.0 45.78 0.252 0.5 -0.26 3.0 1.269 0.9 -0.26 1.5
50.0 58.5 54.04 0.257 0.5 -0.31 2.8 1.286 1.0 -0.31 1.5
58.5 68.5 63.25 0.261 0.5 -0.31 2.6 1.298 1.0 -0.31 1.5
68.5 81.5 74.63 0.266 0.5 -0.30 2.5 1.273 1.1 -0.29 1.5
81.5 100 90.13 0.262 0.6 -0.26 2.4 1.293 1.2 -0.26 1.5
100 132 114.5 0.264 0.5 -0.22 2.3 1.286 1.0 -0.21 1.6
132 200 161.3 0.250 0.5 -0.22 2.2 1.287 1.1 -0.22 2.1
200 300 243.0 0.233 0.8 -0.27 2.2 1.327 1.7 -0.27 3.7
300 500 381.9 0.203 1.2 -0.28 2.4 1.276 2.6 0 7.2
500 1000 687.2 0.151 2.3 -0.30 3.5 0 0 0 0
1000 3000 1599 0.087 6.0 0 8.4 0 0 0 0
